0.0
0.0
0.1
110.6
0.9446
0.9228
0.8641
0.7906
0.6500
1.0651
1.4417
0.8545
0.5616
0.7953
0.0
1.0
0.0
905.4
0.9872
0.9791
0.9609
0.9287
0.8715
0.9895
0.9797
0.9604
0.9261
0.8651
0.0
2.0
0.0
548.6
0.9852
0.9681
0.9422
0.8887
0.7901
0.9845
0.9673
0.9395
0.8804
0.7748
0.0
3.0
0.2
174.9
1.0718
0.9528
0.9033
0.7842
0.4891
0.9755
0.9133
0.8150
0.6884
0.4715
0.0
4.0
0.0
0.0
1.0927
0.9056
0.9218
1.0884
0.9061
1.0927
0.9056
0.9218
1.0884
0.9061
1.0
0.0
1.5
75.8
0.8982
0.7571
0.5710
0.4251
0.1496
0.8304
0.7370
0.6202
0.4159
0.1431
1.0
1.0
0.4
148.6
0.8763
0.8169
0.6947
0.5263
0.1920
0.8614
0.8314
0.7019
0.4674
0.1938
1.0
2.0
2.4
74.2
0.8369
0.7814
0.5917
0.3402
0.0795
0.7115
0.8007
0.1801
0.4084
0.1982
1.0
3.0
0.2
71.2
0.9581
0.9365
0.8956
0.7733
0.6012
0.9610
0.9310
0.8862
0.7734
0.5934
1.0
4.0
1.3
7.6
0.9518
0.9525
0.7786
0.5584
0.3369
0.9367
0.9460
0.8035
0.6093
0.3400
2.0
0.0
0.2
142.3
0.9564
0.9193
0.8360
0.6664
0.4451
0.9664
0.9193
0.8396
0.6672
0.4451
2.0
1.0
0.2
162.7
0.9557
0.8950
0.8054
0.6481
0.4256
0.9554
0.8943
0.8052
0.6462
0.4291
2.0
2.0
0.2
127.4
0.9821
0.9000
0.8179
0.6727
0.4773
0.9923
0.9262
0.8167
0.7671
0.5119
2.0
3.0
0.2
135.2
0.9703
0.9550
0.8408
0.6753
0.4314
0.9590
0.9334
0.8393
0.6683
0.4555
2.0
4.0
0.2
87.6
0.9453
0.8635
0.7648
0.5736
0.2942
0.9424
0.8613
0.7604
0.5716
0.2949
